T1 T1-10 10 73.5052 36.7526 147.01 36 147
T1 T1-19 11 72.2926 36.1463 144.585 36 144
T1 T1-37 12 73.2752 36.6376 146.55 36 146
T1 T1-46 13 69.5275 34.7638 139.055 34 139
T1 T1-57 14 15.7058 7.8529 31.4116 7 31
T1 T1-6 15 106.674 53.337 213.348 53 213
T2 T2-1 10 123.047 61.5235 246.094 61 246
T2 T2-22 11 54.2959 27.148 108.592 27 108
T2 T2-34 12 83.4012 41.7006 166.802 41 166
T2 T2-4 13 44.9353 22.4676 89.8706 22 89
T2 T2-42 14 59.3915 29.6958 118.783 29 118
T2 T2-52 15 94.4693 47.2347 188.939 47 188
T5 T5-45 10 43.9868 21.9934 87.9736 21 87
T5 T5-5 11 62.331 31.1655 124.662 31 124
T5 T5-70 12 57.2881 28.6441 114.576 28 114
T5 T5-81 13 53.9306 26.9653 107.861 26 107
T5 T5-86 14 50.1524 25.0762 100.305 25 100
T5 T5-87 15 49.8095 24.9047 99.619 24 99
